-------------------------------- 29 psi
55 95 00 00 00 00 00 00 01 00 79
55 95 00 00 00 00 00 00 01 00 79
55 95 00 00 00 00 00 00 01 00 79
55 95 00 00 00 00 00 00 01 00 79
55 95 00 00 00 00 00 00 01 00 79
55 95 00 00 00 00 00 00 01 00 79
55 95 00 00 00 00 00 00 01 00 79
55 95 00 00 00 00 00 00 01 00 79
55 95 00 00 00 00 00 00 01 00 79
55 95 00 00 00 00 00 00 01 00 79
55 95 00 00 00 00 00 00 01 00 79
55 95 00 00 00 00 00 00 01 00 79
55 95 00 00 00 00 00 00 01 00 79
55 95 00 00 00 00 00 00 01 00 79
55 95 00 00 00 00 00 00 01 00 79
55 95 00 00 00 00 00 00 01 00 79
55 95 f6 2a 49 92 2e 95 fd df 79
55 95 f6 2a 49 92 2e 95 fd df 79
55 95 f6 2a 49 92 2e 95 fd df 79
55 95 f6 2a 49 92 2e 95 fd df 79
55 95 f6 2a 49 92 2e 95 fd df 79
55 95 f6 2a 49 92 2e 95 fd df 79
55 95 f6 2a 49 92 2e 95 fd df 79
55 95 f6 2a 49 92 2e 95 fd df 79
55 95 f6 2a 49 92 2e 95 fd df 79
55 95 f6 2a 49 92 2e 95 fd df 79
55 95 00 00 00 00 00 00 01 00 79
55 95 00 00 00 00 00 00 01 00 79
55 95 00 00 00 00 00 00 01 00 79
55 95 00 00 00 00 00 00 01 00 79
55 95 e0 a9 d2 3d 92 5b ff fd f7 79
55 95 e0 a9 d2 3d 92 5b ff fd f7 79
55 95 f6 2a 49 92 2e f5 fd d9 79
55 95 f6 2a 49 92 2e f5 fd d9 79
55 95 e0 a9 d2 3d 92 5b ff fd f7 79
55 95 e0 a9 d2 3d 92 5b ff fd f7 79
55 95 f6 2a 49 92 2e f5 fd d9 79
55 95 f6 2a 49 92 2e f5 fd d9 79
55 95 e0 a9 d2 3d 92 5b ff fd f7 79
55 95 e0 a9 d2 3d 92 5b ff fd f7 79
55 95 f6 2a 49 92 2e f5 fd d9 79
55 95 f6 2a 49 92 2e f5 fd d9 79
55 95 e0 a9 d2 3d 92 5b ff fd f7 79
55 95 e0 a9 d2 3d 92 5b ff fd f7 79
55 95 f6 2a 49 92 2e f5 fd d9 79
55 95 f6 2a 49 92 2e f5 fd d9 79
55 95 e0 a9 d2 3d 92 5b ff fd f7 79
55 95 e0 a9 d2 3d 92 5b ff fd f7 79
55 95 f6 2a 49 92 6e f5 fd d7 79
55 95 f6 2a 49 92 6e f5 fd d7 79
55 95 e0 a9 d2 3d 92 5b ff fd f7 79
55 95 e0 a9 d2 3d 92 5b ff fd f7 79
55 95 f6 2a 49 92 6e f5 fd d7 79
55 95 f6 2a 49 92 6e f5 fd d7 79
-------------------------------- 28 psi
55 95 00 00 00 00 00 00 01 00 79
55 95 00 00 00 00 00 00 01 00 79
55 95 00 00 00 00 00 00 01 00 79
55 95 00 00 00 00 00 00 01 00 79
55 95 00 00 00 00 00 00 01 00 79
55 95 00 00 00 00 00 00 01 00 79
55 95 00 00 00 00 00 00 01 00 79
55 95 00 00 00 00 00 00 01 00 79
55 95 00 00 00 00 00 00 01 00 79
55 95 00 00 00 00 00 00 01 00 79
55 95 00 00 00 00 00 00 01 00 79
55 95 00 00 00 00 00 00 01 00 79
55 95 00 00 00 00 00 00 01 00 79
55 95 e0 a9 d2 45 92 5b f9 fd fb 79
55 95 e0 a9 d2 45 92 5b f9 fd fb 79
55 95 e0 a9 d2 45 92 5b f9 fd fb 79
55 95 e0 a9 d2 45 92 5b f9 fd fb 79
55 95 e0 a9 d2 45 92 5b f9 fd fb 79
55 95 e0 a9 d2 45 92 5b f9 fd fb 79
55 95 e0 a9 d2 45 92 5b f9 fd fb 79
55 95 e0 a9 d2 45 92 5b f9 fd fb 79
55 95 e0 a9 d2 45 92 5b f9 fd fb 79
55 95 e0 a9 d2 45 92 5b f9 fd fb 79
55 95 00 00 00 00 00 00 01 00 79
55 95 00 00 00 00 00 00 01 00 79
55 95 f6 2a 49 92 6e 95 fd dd 79
55 95 f6 2a 49 92 6e 95 fd dd 79
55 95 f6 2a 49 92 6e 95 fd dd 79
55 95 f6 2a 49 92 6e 95 fd dd 79
55 95 f6 2a 49 92 6e 95 fd dd 79
55 95 f6 2a 49 92 6e 95 fd dd 79
55 95 f6 2a 49 92 6e 95 fd dd 79
55 95 f6 2a 49 92 6e 95 fd dd 79
55 95 f6 2a 49 92 6e 95 fd dd 79
55 95 f6 2a 49 92 6e 95 fd dd 79
55 95 00 00 00 00 00 00 01 00 79
55 95 00 00 00 00 00 00 01 00 79
55 95 00 00 00 00 00 00 01 00 79
55 95 00 00 00 00 00 00 01 00 79
55 95 00 00 00 00 00 00 01 00 79
55 95 e0 a9 d2 45 92 5b ff fd f5 79
55 95 e0 a9 d2 45 92 5b ff fd f5 79
55 95 f6 2a 49 92 6e f5 fd d7 79
55 95 f6 2a 49 92 6e f5 fd d7 79
55 95 e0 a9 d2 45 92 5b ff fd f5 79
55 95 e0 a9 d2 45 92 5b ff fd f5 79
55 95 f6 2a 49 92 6e f5 fd d7 79
55 95 f6 2a 49 92 6e f5 fd d7 79
55 95 e0 a9 d2 45 92 5b ff fd f5 79
55 95 e0 a9 d2 45 92 5b ff fd f5 79
55 95 e0 a9 d2 45 92 5b ff fd f5 79
55 95 e0 a9 d2 45 92 5b ff fd f5 79
-------------------------------- 27 psi
55 95 00 00 00 00 00 00 01 00 79
55 95 00 00 00 00 00 00 01 00 79
55 95 00 00 00 00 00 00 01 00 79
55 95 00 00 00 00 00 00 01 00 79
55 95 00 00 00 00 00 00 01 00 79
55 95 00 00 00 00 00 00 01 00 79
55 95 00 00 00 00 00 00 01 00 79
55 95 00 00 00 00 00 00 01 00 79
55 95 00 00 00 00 00 00 01 00 79
55 95 00 00 00 00 00 00 01 00 79
55 95 00 00 00 00 00 00 01 00 79
55 95 00 00 00 00 00 00 01 00 79
55 95 00 00 00 00 00 00 01 00 79
55 95 00 00 00 00 00 00 01 00 79
55 95 00 00 00 00 00 00 01 00 79
55 95 00 00 00 00 00 00 01 00 79
55 95 00 00 00 00 00 00 01 00 79
55 95 00 00 00 00 00 00 01 00 79
55 95 00 00 00 00 00 00 01 00 79
55 95 00 00 00 00 00 00 01 00 79
55 95 00 00 00 00 00 00 01 00 79
55 95 00 00 00 00 00 00 01 00 79
55 95 00 00 00 00 00 00 01 00 79
55 95 00 00 00 00 00 00 01 00 79
55 95 00 00 00 00 00 00 01 00 79
55 95 00 00 00 00 00 00 01 00 79
55 95 00 00 00 00 00 00 01 00 79
55 95 00 00 00 00 00 00 01 00 79
55 95 00 00 00 00 00 00 01 00 79
55 95 00 00 00 00 00 00 01 00 79
55 95 00 00 00 00 00 00 01 00 79
55 95 00 00 00 00 00 00 01 00 79
55 95 00 00 00 00 00 00 01 00 79
55 95 00 00 00 00 00 00 01 00 79
55 95 00 00 00 00 00 00 01 00 79
55 95 00 00 00 00 00 00 01 00 79
55 95 00 00 00 00 00 00 01 00 79
55 95 00 00 00 00 00 00 01 00 79
55 95 00 00 00 00 00 00 01 00 79
55 95 00 00 00 00 00 00 01 00 79
55 95 00 00 00 00 00 00 01 00 79
55 95 00 00 00 00 00 00 01 00 79
55 95 e0 a9 d2 45 96 5b ff fd f3 79
55 95 e0 a9 d2 45 96 5b ff fd f3 79
55 95 f6 2a 49 92 b9 ab fd d5 79
55 95 f6 2a 49 92 b9 ab fd d5 79
55 95 e0 a9 d2 45 96 5b ff fd f3 79
55 95 e0 a9 d2 45 96 5b ff fd f3 79
55 95 f6 2a 49 92 b9 ab fd d5 79
55 95 f6 2a 49 92 b9 ab fd d5 79
55 95 e0 a9 d2 45 96 5b ff fd f3 79
55 95 e0 a9 d2 45 96 5b ff fd f3 79
55 95 f6 2a 49 92 b9 ab fd d5 79
55 95 f6 2a 49 92 b9 ab fd d5 79
55 95 e0 a9 d2 45 96 5b ff fd f3 79
55 95 e0 a9 d2 45 96 5b ff fd f3 79
55 95 f6 2a 49 92 b9 ab fd d5 79
55 95 f6 2a 49 92 b9 ab fd d5 79
-------------------------------- 26 psi
55 95 00 00 00 00 00 00 01 00 79
55 95 00 00 00 00 00 00 01 00 79
55 95 00 00 00 00 00 00 01 00 79
55 95 00 00 00 00 00 00 01 00 79
55 95 00 00 00 00 00 00 01 00 79
55 95 f6 2a 49 92 6e 95 fd d9 79
55 95 f6 2a 49 92 6e 95 fd d9 79
55 95 f6 2a 49 92 6e 95 fd d9 79
55 95 f6 2a 49 92 6e 95 fd d9 79
55 95 f6 2a 49 92 6e 95 fd d9 79
55 95 f6 2a 49 92 6e 95 fd d9 79
55 95 f6 2a 49 92 6e 95 fd d9 79
55 95 f6 2a 49 92 6e 95 fd d9 79
55 95 f6 2a 49 92 6e 95 fd d9 79
55 95 f6 2a 49 92 6e 95 fd d9 79
55 95 00 00 00 00 00 00 01 00 79
55 95 00 00 00 00 00 00 01 00 79
55 95 00 00 00 00 00 00 01 00 79
55 95 e0 a9 d2 45 9a 5b ff fd f1 79
55 95 e0 a9 d2 45 9a 5b ff fd f1 79
55 95 00 00 00 00 00 00 01 00 79
55 95 00 00 00 00 00 00 01 00 79
55 95 00 00 00 00 00 00 01 00 79
55 95 00 00 00 00 00 00 01 00 79
55 95 00 00 00 00 00 00 01 00 79
55 95 00 00 00 00 00 00 01 00 79
55 95 00 00 00 00 00 00 01 00 79
55 95 00 00 00 00 00 00 01 00 79
55 95 00 00 00 00 00 00 01 00 79
55 95 00 00 00 00 00 00 01 00 79
55 95 00 00 00 00 00 00 01 00 79
55 95 00 00 00 00 00 00 01 00 79
55 95 00 00 00 00 00 00 01 00 79
55 95 f6 2a 49 92 6e f5 fd d3 79
55 95 f6 2a 49 92 6e f5 fd d3 79
55 95 e0 a9 d2 45 9a 5b ff fd f1 79
55 95 e0 a9 d2 45 9a 5b ff fd f1 79
55 95 f6 2a 49 92 6e f5 fd d3 79
55 95 f6 2a 49 92 6e f5 fd d3 79
